1204789220328740
1204818761552639
1204843864198221
1205095744696654
1205980079388145
1206006474289122
1206363761761978
1206407681046274
1206425015213615
1206434839973092
1206594949252410
1207278964351685
1207338575319394
1207375113405523
1207473416887601
1207657473376029
1207728646024488
1207728646026750
1207760971753697
1207760971753709
1207760971753716
1207760971753720
1207760971753758
1207760971753765
1207778717570958
1207816481565083
1207817115500015
1207817115500019
1207817115500023
1207823530772159
1207833209424691
1207868904625413
1207906802350226
1207907772727914
1207942229848224
1207942229848229
1207942229848234
1207942229848239
1207967599155608
1207984230724068
1208014741125322
1208021370104202
1208031566113859
1208106677387266
1208255134984932
1208255134985014
1208255134985033
1208255134985064
1208255134985069
1208335646825701
1208335647365608
1208335647365619
1208335647365682
1208344673489500
1208345374594366
1208470191495746
1208502234940161
1208622917750063
1208659811898209
1208659811898324
1208711008179173
1208712699269092
1208740211406775
1208875960377620
1208878713359035
1208878713359040
1208963580488220
1208981515547171
1209018174328538
1209101623231546
1209109368415840
1209111135522151
1209116404156395
1209213189516064
1209213189516073
1209243150458147
1209243150458199
1209243150458283
1209298164735103
1209417474929053
1209417479528380
1209419538333955
1209484413612062
1209679644127773
1209741238247552
1209803738475381
1209877147787619
1209897970646083
1209993089076881
1210202036254627
1210225716846536
1210225716846542
1210225716846547
1210512287873910
1210951195644528
1210971259338451
1210988557115684
1211080311286428
1211134268245785
1211360177216094
1211360177216098
1211489930659695
1211653962736510
1211654114707733
1211900372320318
1211900373500710
1212343204566399
1212627165986472
1212638027964018
1212638028024693
1212638028070139
1212660351308233
1212660352662527
1213077276586762
1213292120696334
1213292120696339
1213393701257435
1213478777903328
1213551317973102
1214795652576790
1215183480745603
1215186457850680
1215186457850686
