1204789220328740
1204818761552639
1204843864198221
1205095744696654
1205980079388145
1206006474289122
1206363761761978
1207760971753720
1207760971753765
1207817115500015
1207817115500019
1207817115500023
1207823530772159
1207984230724068
1208014741125322
1208255134984932
1208255134985014
1208255134985069
1208335647365608
1208345374594366
1208622917750063
1208659811898209
1208659811898324
1208711008179173
1208875960377620
1208878713359035
1208878713359040
1208981515547171
1209111135522151
1209213189516064
1209213189516073
1209243150458199
1209243150458283
1209417479528380
1209419538333955
1209877147787619
1209897970646083
1210202036254627
1210225716846536
1210225716846542
1210225716846547
1211080311286428
